{
 "cells": [
  {
   "cell_type": "code",
   "execution_count": 29,
   "metadata": {},
   "outputs": [],
   "source": [
    "import pandas as pd\n",
    "import numpy as np\n"
   ]
  },
  {
   "cell_type": "code",
   "execution_count": 26,
   "metadata": {},
   "outputs": [
    {
     "data": {
      "text/html": [
       "<div>\n",
       "<style scoped>\n",
       "    .dataframe tbody tr th:only-of-type {\n",
       "        vertical-align: middle;\n",
       "    }\n",
       "\n",
       "    .dataframe tbody tr th {\n",
       "        vertical-align: top;\n",
       "    }\n",
       "\n",
       "    .dataframe thead th {\n",
       "        text-align: right;\n",
       "    }\n",
       "</style>\n",
       "<table border=\"1\" class=\"dataframe\">\n",
       "  <thead>\n",
       "    <tr style=\"text-align: right;\">\n",
       "      <th></th>\n",
       "      <th>有机含量</th>\n",
       "      <th>黏土矿物</th>\n",
       "      <th>FeS2</th>\n",
       "      <th>碳酸盐</th>\n",
       "      <th>SiO2</th>\n",
       "      <th>Fe2O3</th>\n",
       "      <th>Al2O3</th>\n",
       "      <th>CaO</th>\n",
       "      <th>MgO</th>\n",
       "    </tr>\n",
       "    <tr>\n",
       "      <th>编号</th>\n",
       "      <th></th>\n",
       "      <th></th>\n",
       "      <th></th>\n",
       "      <th></th>\n",
       "      <th></th>\n",
       "      <th></th>\n",
       "      <th></th>\n",
       "      <th></th>\n",
       "      <th></th>\n",
       "    </tr>\n",
       "  </thead>\n",
       "  <tbody>\n",
       "    <tr>\n",
       "      <th>1</th>\n",
       "      <td>86.76</td>\n",
       "      <td>12.25</td>\n",
       "      <td>0.00</td>\n",
       "      <td>0.40</td>\n",
       "      <td>46.20</td>\n",
       "      <td>5.26</td>\n",
       "      <td>34.55</td>\n",
       "      <td>3.58</td>\n",
       "      <td>1.30</td>\n",
       "    </tr>\n",
       "    <tr>\n",
       "      <th>2</th>\n",
       "      <td>92.52</td>\n",
       "      <td>7.32</td>\n",
       "      <td>0.00</td>\n",
       "      <td>0.16</td>\n",
       "      <td>47.52</td>\n",
       "      <td>3.68</td>\n",
       "      <td>37.70</td>\n",
       "      <td>1.95</td>\n",
       "      <td>0.59</td>\n",
       "    </tr>\n",
       "    <tr>\n",
       "      <th>3</th>\n",
       "      <td>96.79</td>\n",
       "      <td>3.07</td>\n",
       "      <td>0.17</td>\n",
       "      <td>0.00</td>\n",
       "      <td>47.86</td>\n",
       "      <td>7.82</td>\n",
       "      <td>36.77</td>\n",
       "      <td>1.38</td>\n",
       "      <td>0.63</td>\n",
       "    </tr>\n",
       "    <tr>\n",
       "      <th>4</th>\n",
       "      <td>85.56</td>\n",
       "      <td>13.03</td>\n",
       "      <td>0.94</td>\n",
       "      <td>0.47</td>\n",
       "      <td>45.04</td>\n",
       "      <td>7.44</td>\n",
       "      <td>36.06</td>\n",
       "      <td>3.43</td>\n",
       "      <td>0.65</td>\n",
       "    </tr>\n",
       "    <tr>\n",
       "      <th>5</th>\n",
       "      <td>87.75</td>\n",
       "      <td>10.26</td>\n",
       "      <td>1.23</td>\n",
       "      <td>0.76</td>\n",
       "      <td>36.22</td>\n",
       "      <td>24.29</td>\n",
       "      <td>29.25</td>\n",
       "      <td>3.23</td>\n",
       "      <td>1.15</td>\n",
       "    </tr>\n",
       "    <tr>\n",
       "      <th>6</th>\n",
       "      <td>75.69</td>\n",
       "      <td>24.06</td>\n",
       "      <td>0.00</td>\n",
       "      <td>2.50</td>\n",
       "      <td>47.40</td>\n",
       "      <td>3.76</td>\n",
       "      <td>40.00</td>\n",
       "      <td>0.97</td>\n",
       "      <td>1.15</td>\n",
       "    </tr>\n",
       "    <tr>\n",
       "      <th>7</th>\n",
       "      <td>99.21</td>\n",
       "      <td>0.63</td>\n",
       "      <td>0.16</td>\n",
       "      <td>0.00</td>\n",
       "      <td>86.62</td>\n",
       "      <td>8.87</td>\n",
       "      <td>31.75</td>\n",
       "      <td>2.82</td>\n",
       "      <td>0.96</td>\n",
       "    </tr>\n",
       "    <tr>\n",
       "      <th>8</th>\n",
       "      <td>84.50</td>\n",
       "      <td>14.46</td>\n",
       "      <td>1.04</td>\n",
       "      <td>0.00</td>\n",
       "      <td>46.94</td>\n",
       "      <td>14.59</td>\n",
       "      <td>37.35</td>\n",
       "      <td>2.20</td>\n",
       "      <td>0.89</td>\n",
       "    </tr>\n",
       "    <tr>\n",
       "      <th>9</th>\n",
       "      <td>94.14</td>\n",
       "      <td>5.86</td>\n",
       "      <td>0.00</td>\n",
       "      <td>0.00</td>\n",
       "      <td>48.66</td>\n",
       "      <td>8.41</td>\n",
       "      <td>38.42</td>\n",
       "      <td>0.51</td>\n",
       "      <td>0.67</td>\n",
       "    </tr>\n",
       "    <tr>\n",
       "      <th>10</th>\n",
       "      <td>90.50</td>\n",
       "      <td>6.72</td>\n",
       "      <td>2.78</td>\n",
       "      <td>0.00</td>\n",
       "      <td>35.18</td>\n",
       "      <td>1.58</td>\n",
       "      <td>30.11</td>\n",
       "      <td>0.51</td>\n",
       "      <td>0.59</td>\n",
       "    </tr>\n",
       "    <tr>\n",
       "      <th>11</th>\n",
       "      <td>72.05</td>\n",
       "      <td>26.49</td>\n",
       "      <td>1.46</td>\n",
       "      <td>0.00</td>\n",
       "      <td>49.04</td>\n",
       "      <td>5.19</td>\n",
       "      <td>39.28</td>\n",
       "      <td>0.05</td>\n",
       "      <td>0.74</td>\n",
       "    </tr>\n",
       "    <tr>\n",
       "      <th>12</th>\n",
       "      <td>98.10</td>\n",
       "      <td>1.71</td>\n",
       "      <td>0.00</td>\n",
       "      <td>0.00</td>\n",
       "      <td>54.22</td>\n",
       "      <td>5.79</td>\n",
       "      <td>32.04</td>\n",
       "      <td>1.33</td>\n",
       "      <td>0.63</td>\n",
       "    </tr>\n",
       "    <tr>\n",
       "      <th>13</th>\n",
       "      <td>96.35</td>\n",
       "      <td>3.13</td>\n",
       "      <td>0.26</td>\n",
       "      <td>0.00</td>\n",
       "      <td>44.76</td>\n",
       "      <td>36.54</td>\n",
       "      <td>36.20</td>\n",
       "      <td>0.67</td>\n",
       "      <td>0.70</td>\n",
       "    </tr>\n",
       "    <tr>\n",
       "      <th>14</th>\n",
       "      <td>98.48</td>\n",
       "      <td>0.00</td>\n",
       "      <td>1.08</td>\n",
       "      <td>0.44</td>\n",
       "      <td>28.60</td>\n",
       "      <td>17.67</td>\n",
       "      <td>24.37</td>\n",
       "      <td>3.37</td>\n",
       "      <td>5.56</td>\n",
       "    </tr>\n",
       "    <tr>\n",
       "      <th>15</th>\n",
       "      <td>88.51</td>\n",
       "      <td>2.54</td>\n",
       "      <td>4.33</td>\n",
       "      <td>0.29</td>\n",
       "      <td>49.12</td>\n",
       "      <td>25.26</td>\n",
       "      <td>18.49</td>\n",
       "      <td>2.46</td>\n",
       "      <td>1.07</td>\n",
       "    </tr>\n",
       "    <tr>\n",
       "      <th>16</th>\n",
       "      <td>79.75</td>\n",
       "      <td>19.63</td>\n",
       "      <td>0.00</td>\n",
       "      <td>0.00</td>\n",
       "      <td>53.98</td>\n",
       "      <td>8.27</td>\n",
       "      <td>24.66</td>\n",
       "      <td>4.25</td>\n",
       "      <td>2.37</td>\n",
       "    </tr>\n",
       "    <tr>\n",
       "      <th>17</th>\n",
       "      <td>94.54</td>\n",
       "      <td>0.76</td>\n",
       "      <td>2.05</td>\n",
       "      <td>0.31</td>\n",
       "      <td>35.64</td>\n",
       "      <td>34.81</td>\n",
       "      <td>11.18</td>\n",
       "      <td>6.50</td>\n",
       "      <td>0.78</td>\n",
       "    </tr>\n",
       "    <tr>\n",
       "      <th>18</th>\n",
       "      <td>91.51</td>\n",
       "      <td>7.88</td>\n",
       "      <td>0.61</td>\n",
       "      <td>0.00</td>\n",
       "      <td>46.06</td>\n",
       "      <td>8.42</td>\n",
       "      <td>38.71</td>\n",
       "      <td>0.82</td>\n",
       "      <td>0.74</td>\n",
       "    </tr>\n",
       "    <tr>\n",
       "      <th>19</th>\n",
       "      <td>90.89</td>\n",
       "      <td>3.04</td>\n",
       "      <td>0.23</td>\n",
       "      <td>1.17</td>\n",
       "      <td>62.48</td>\n",
       "      <td>5.11</td>\n",
       "      <td>25.73</td>\n",
       "      <td>0.72</td>\n",
       "      <td>0.70</td>\n",
       "    </tr>\n",
       "    <tr>\n",
       "      <th>20</th>\n",
       "      <td>69.79</td>\n",
       "      <td>24.13</td>\n",
       "      <td>5.04</td>\n",
       "      <td>0.00</td>\n",
       "      <td>47.56</td>\n",
       "      <td>10.56</td>\n",
       "      <td>37.99</td>\n",
       "      <td>0.10</td>\n",
       "      <td>1.04</td>\n",
       "    </tr>\n",
       "    <tr>\n",
       "      <th>21</th>\n",
       "      <td>78.47</td>\n",
       "      <td>20.60</td>\n",
       "      <td>0.75</td>\n",
       "      <td>0.00</td>\n",
       "      <td>46.96</td>\n",
       "      <td>4.36</td>\n",
       "      <td>38.42</td>\n",
       "      <td>1.28</td>\n",
       "      <td>1.19</td>\n",
       "    </tr>\n",
       "    <tr>\n",
       "      <th>22</th>\n",
       "      <td>60.71</td>\n",
       "      <td>29.28</td>\n",
       "      <td>3.58</td>\n",
       "      <td>0.00</td>\n",
       "      <td>61.84</td>\n",
       "      <td>5.19</td>\n",
       "      <td>27.53</td>\n",
       "      <td>0.01</td>\n",
       "      <td>0.85</td>\n",
       "    </tr>\n",
       "    <tr>\n",
       "      <th>23</th>\n",
       "      <td>73.03</td>\n",
       "      <td>24.09</td>\n",
       "      <td>2.88</td>\n",
       "      <td>0.00</td>\n",
       "      <td>47.02</td>\n",
       "      <td>8.72</td>\n",
       "      <td>39.42</td>\n",
       "      <td>0.10</td>\n",
       "      <td>0.78</td>\n",
       "    </tr>\n",
       "    <tr>\n",
       "      <th>24</th>\n",
       "      <td>86.35</td>\n",
       "      <td>4.99</td>\n",
       "      <td>8.12</td>\n",
       "      <td>0.00</td>\n",
       "      <td>33.48</td>\n",
       "      <td>40.15</td>\n",
       "      <td>13.98</td>\n",
       "      <td>4.30</td>\n",
       "      <td>0.63</td>\n",
       "    </tr>\n",
       "  </tbody>\n",
       "</table>\n",
       "</div>"
      ],
      "text/plain": [
       "     有机含量   黏土矿物  FeS2   碳酸盐   SiO2  Fe2O3  Al2O3   CaO   MgO\n",
       "编号                                                           \n",
       "1   86.76  12.25  0.00  0.40  46.20   5.26  34.55  3.58  1.30\n",
       "2   92.52   7.32  0.00  0.16  47.52   3.68  37.70  1.95  0.59\n",
       "3   96.79   3.07  0.17  0.00  47.86   7.82  36.77  1.38  0.63\n",
       "4   85.56  13.03  0.94  0.47  45.04   7.44  36.06  3.43  0.65\n",
       "5   87.75  10.26  1.23  0.76  36.22  24.29  29.25  3.23  1.15\n",
       "6   75.69  24.06  0.00  2.50  47.40   3.76  40.00  0.97  1.15\n",
       "7   99.21   0.63  0.16  0.00  86.62   8.87  31.75  2.82  0.96\n",
       "8   84.50  14.46  1.04  0.00  46.94  14.59  37.35  2.20  0.89\n",
       "9   94.14   5.86  0.00  0.00  48.66   8.41  38.42  0.51  0.67\n",
       "10  90.50   6.72  2.78  0.00  35.18   1.58  30.11  0.51  0.59\n",
       "11  72.05  26.49  1.46  0.00  49.04   5.19  39.28  0.05  0.74\n",
       "12  98.10   1.71  0.00  0.00  54.22   5.79  32.04  1.33  0.63\n",
       "13  96.35   3.13  0.26  0.00  44.76  36.54  36.20  0.67  0.70\n",
       "14  98.48   0.00  1.08  0.44  28.60  17.67  24.37  3.37  5.56\n",
       "15  88.51   2.54  4.33  0.29  49.12  25.26  18.49  2.46  1.07\n",
       "16  79.75  19.63  0.00  0.00  53.98   8.27  24.66  4.25  2.37\n",
       "17  94.54   0.76  2.05  0.31  35.64  34.81  11.18  6.50  0.78\n",
       "18  91.51   7.88  0.61  0.00  46.06   8.42  38.71  0.82  0.74\n",
       "19  90.89   3.04  0.23  1.17  62.48   5.11  25.73  0.72  0.70\n",
       "20  69.79  24.13  5.04  0.00  47.56  10.56  37.99  0.10  1.04\n",
       "21  78.47  20.60  0.75  0.00  46.96   4.36  38.42  1.28  1.19\n",
       "22  60.71  29.28  3.58  0.00  61.84   5.19  27.53  0.01  0.85\n",
       "23  73.03  24.09  2.88  0.00  47.02   8.72  39.42  0.10  0.78\n",
       "24  86.35   4.99  8.12  0.00  33.48  40.15  13.98  4.30  0.63"
      ]
     },
     "execution_count": 26,
     "metadata": {},
     "output_type": "execute_result"
    }
   ],
   "source": [
    "df =pd.read_excel('data.xlsx', sheet_name= '因子分析2', index_col= '编号')\n",
    "df"
   ]
  },
  {
   "cell_type": "code",
   "execution_count": 39,
   "metadata": {},
   "outputs": [
    {
     "name": "stdout",
     "output_type": "stream",
     "text": [
      "[[8.675e+01 1.225e+01 0.000e+00 3.999e-01 4.619e+01 5.262e+00 3.456e+01\n",
      "  3.580e+00 1.300e+00]\n",
      " [9.250e+01 7.320e+00 0.000e+00 1.600e-01 4.753e+01 3.680e+00 3.769e+01\n",
      "  1.950e+00 5.898e-01]\n",
      " [9.681e+01 3.070e+00 1.700e-01 0.000e+00 4.788e+01 7.820e+00 3.678e+01\n",
      "  1.380e+00 6.299e-01]\n",
      " [8.556e+01 1.303e+01 9.399e-01 4.700e-01 4.503e+01 7.441e+00 3.606e+01\n",
      "  3.430e+00 6.499e-01]\n",
      " [8.775e+01 1.026e+01 1.230e+00 7.598e-01 3.622e+01 2.430e+01 2.925e+01\n",
      "  3.230e+00 1.150e+00]\n",
      " [7.569e+01 2.406e+01 0.000e+00 2.500e+00 4.741e+01 3.760e+00 4.000e+01\n",
      "  9.702e-01 1.150e+00]\n",
      " [9.919e+01 6.299e-01 1.600e-01 0.000e+00 8.662e+01 8.867e+00 3.175e+01\n",
      "  2.820e+00 9.600e-01]\n",
      " [8.450e+01 1.446e+01 1.040e+00 0.000e+00 4.694e+01 1.459e+01 3.734e+01\n",
      "  2.199e+00 8.901e-01]\n",
      " [9.412e+01 5.859e+00 0.000e+00 0.000e+00 4.866e+01 8.406e+00 3.841e+01\n",
      "  5.098e-01 6.699e-01]\n",
      " [9.050e+01 6.719e+00 2.779e+00 0.000e+00 3.519e+01 1.580e+00 3.011e+01\n",
      "  5.098e-01 5.898e-01]\n",
      " [7.206e+01 2.648e+01 1.460e+00 0.000e+00 4.903e+01 5.191e+00 3.928e+01\n",
      "  4.999e-02 7.402e-01]\n",
      " [9.812e+01 1.710e+00 0.000e+00 0.000e+00 5.422e+01 5.789e+00 3.203e+01\n",
      "  1.330e+00 6.299e-01]\n",
      " [9.638e+01 3.131e+00 2.600e-01 0.000e+00 4.475e+01 3.653e+01 3.619e+01\n",
      "  6.699e-01 7.002e-01]\n",
      " [9.850e+01 0.000e+00 1.080e+00 4.399e-01 2.859e+01 1.767e+01 2.438e+01\n",
      "  3.369e+00 5.559e+00]\n",
      " [8.850e+01 2.539e+00 4.328e+00 2.900e-01 4.912e+01 2.527e+01 1.848e+01\n",
      "  2.461e+00 1.070e+00]\n",
      " [7.975e+01 1.962e+01 0.000e+00 0.000e+00 5.397e+01 8.273e+00 2.466e+01\n",
      "  4.250e+00 2.369e+00]\n",
      " [9.456e+01 7.598e-01 2.051e+00 3.101e-01 3.562e+01 3.481e+01 1.118e+01\n",
      "  6.500e+00 7.798e-01]\n",
      " [9.150e+01 7.879e+00 6.099e-01 0.000e+00 4.606e+01 8.422e+00 3.872e+01\n",
      "  8.198e-01 7.402e-01]\n",
      " [9.088e+01 3.039e+00 2.300e-01 1.170e+00 6.247e+01 5.109e+00 2.573e+01\n",
      "  7.202e-01 7.002e-01]\n",
      " [6.981e+01 2.412e+01 5.039e+00 0.000e+00 4.756e+01 1.056e+01 3.800e+01\n",
      "  9.998e-02 1.040e+00]\n",
      " [7.850e+01 2.059e+01 7.500e-01 0.000e+00 4.697e+01 4.359e+00 3.841e+01\n",
      "  1.280e+00 1.190e+00]\n",
      " [6.072e+01 2.928e+01 3.580e+00 0.000e+00 6.184e+01 5.191e+00 2.753e+01\n",
      "  1.000e-02 8.501e-01]\n",
      " [7.300e+01 2.409e+01 2.881e+00 0.000e+00 4.703e+01 8.719e+00 3.941e+01\n",
      "  9.998e-02 7.798e-01]\n",
      " [8.638e+01 4.988e+00 8.117e+00 0.000e+00 3.347e+01 4.016e+01 1.398e+01\n",
      "  4.301e+00 6.299e-01]]\n"
     ]
    }
   ],
   "source": [
    "array = np.array(df, dtype=np.float16)\n",
    "array"
   ]
  },
  {
   "cell_type": "code",
   "execution_count": 3,
   "metadata": {},
   "outputs": [
    {
     "data": {
      "text/plain": [
       "Int64Index([ 1,  2,  3,  4,  5,  6,  7,  8,  9, 10, 11, 12, 13, 14, 15, 16, 17,\n",
       "            18, 19, 20, 21, 22, 23, 24],\n",
       "           dtype='int64', name='编号')"
      ]
     },
     "execution_count": 3,
     "metadata": {},
     "output_type": "execute_result"
    }
   ],
   "source": [
    "df.index"
   ]
  },
  {
   "cell_type": "code",
   "execution_count": 4,
   "metadata": {},
   "outputs": [
    {
     "data": {
      "text/plain": [
       "Index(['有机含量', '黏土矿物', 'FeS2', '碳酸盐', 'SiO2', 'Fe2O3', 'Al2O3', 'CaO', 'MgO'], dtype='object')"
      ]
     },
     "execution_count": 4,
     "metadata": {},
     "output_type": "execute_result"
    }
   ],
   "source": [
    "df.columns"
   ]
  },
  {
   "cell_type": "code",
   "execution_count": 5,
   "metadata": {},
   "outputs": [
    {
     "data": {
      "text/html": [
       "<div>\n",
       "<style scoped>\n",
       "    .dataframe tbody tr th:only-of-type {\n",
       "        vertical-align: middle;\n",
       "    }\n",
       "\n",
       "    .dataframe tbody tr th {\n",
       "        vertical-align: top;\n",
       "    }\n",
       "\n",
       "    .dataframe thead th {\n",
       "        text-align: right;\n",
       "    }\n",
       "</style>\n",
       "<table border=\"1\" class=\"dataframe\">\n",
       "  <thead>\n",
       "    <tr style=\"text-align: right;\">\n",
       "      <th></th>\n",
       "      <th>有机含量</th>\n",
       "      <th>黏土矿物</th>\n",
       "      <th>FeS2</th>\n",
       "      <th>碳酸盐</th>\n",
       "      <th>SiO2</th>\n",
       "      <th>Fe2O3</th>\n",
       "      <th>Al2O3</th>\n",
       "      <th>CaO</th>\n",
       "      <th>MgO</th>\n",
       "    </tr>\n",
       "    <tr>\n",
       "      <th>编号</th>\n",
       "      <th></th>\n",
       "      <th></th>\n",
       "      <th></th>\n",
       "      <th></th>\n",
       "      <th></th>\n",
       "      <th></th>\n",
       "      <th></th>\n",
       "      <th></th>\n",
       "      <th></th>\n",
       "    </tr>\n",
       "  </thead>\n",
       "  <tbody>\n",
       "    <tr>\n",
       "      <th>24</th>\n",
       "      <td>86.35</td>\n",
       "      <td>4.99</td>\n",
       "      <td>8.12</td>\n",
       "      <td>0.00</td>\n",
       "      <td>33.48</td>\n",
       "      <td>40.15</td>\n",
       "      <td>13.98</td>\n",
       "      <td>4.30</td>\n",
       "      <td>0.63</td>\n",
       "    </tr>\n",
       "    <tr>\n",
       "      <th>23</th>\n",
       "      <td>73.03</td>\n",
       "      <td>24.09</td>\n",
       "      <td>2.88</td>\n",
       "      <td>0.00</td>\n",
       "      <td>47.02</td>\n",
       "      <td>8.72</td>\n",
       "      <td>39.42</td>\n",
       "      <td>0.10</td>\n",
       "      <td>0.78</td>\n",
       "    </tr>\n",
       "    <tr>\n",
       "      <th>22</th>\n",
       "      <td>60.71</td>\n",
       "      <td>29.28</td>\n",
       "      <td>3.58</td>\n",
       "      <td>0.00</td>\n",
       "      <td>61.84</td>\n",
       "      <td>5.19</td>\n",
       "      <td>27.53</td>\n",
       "      <td>0.01</td>\n",
       "      <td>0.85</td>\n",
       "    </tr>\n",
       "    <tr>\n",
       "      <th>21</th>\n",
       "      <td>78.47</td>\n",
       "      <td>20.60</td>\n",
       "      <td>0.75</td>\n",
       "      <td>0.00</td>\n",
       "      <td>46.96</td>\n",
       "      <td>4.36</td>\n",
       "      <td>38.42</td>\n",
       "      <td>1.28</td>\n",
       "      <td>1.19</td>\n",
       "    </tr>\n",
       "    <tr>\n",
       "      <th>20</th>\n",
       "      <td>69.79</td>\n",
       "      <td>24.13</td>\n",
       "      <td>5.04</td>\n",
       "      <td>0.00</td>\n",
       "      <td>47.56</td>\n",
       "      <td>10.56</td>\n",
       "      <td>37.99</td>\n",
       "      <td>0.10</td>\n",
       "      <td>1.04</td>\n",
       "    </tr>\n",
       "    <tr>\n",
       "      <th>19</th>\n",
       "      <td>90.89</td>\n",
       "      <td>3.04</td>\n",
       "      <td>0.23</td>\n",
       "      <td>1.17</td>\n",
       "      <td>62.48</td>\n",
       "      <td>5.11</td>\n",
       "      <td>25.73</td>\n",
       "      <td>0.72</td>\n",
       "      <td>0.70</td>\n",
       "    </tr>\n",
       "    <tr>\n",
       "      <th>18</th>\n",
       "      <td>91.51</td>\n",
       "      <td>7.88</td>\n",
       "      <td>0.61</td>\n",
       "      <td>0.00</td>\n",
       "      <td>46.06</td>\n",
       "      <td>8.42</td>\n",
       "      <td>38.71</td>\n",
       "      <td>0.82</td>\n",
       "      <td>0.74</td>\n",
       "    </tr>\n",
       "    <tr>\n",
       "      <th>17</th>\n",
       "      <td>94.54</td>\n",
       "      <td>0.76</td>\n",
       "      <td>2.05</td>\n",
       "      <td>0.31</td>\n",
       "      <td>35.64</td>\n",
       "      <td>34.81</td>\n",
       "      <td>11.18</td>\n",
       "      <td>6.50</td>\n",
       "      <td>0.78</td>\n",
       "    </tr>\n",
       "    <tr>\n",
       "      <th>16</th>\n",
       "      <td>79.75</td>\n",
       "      <td>19.63</td>\n",
       "      <td>0.00</td>\n",
       "      <td>0.00</td>\n",
       "      <td>53.98</td>\n",
       "      <td>8.27</td>\n",
       "      <td>24.66</td>\n",
       "      <td>4.25</td>\n",
       "      <td>2.37</td>\n",
       "    </tr>\n",
       "    <tr>\n",
       "      <th>15</th>\n",
       "      <td>88.51</td>\n",
       "      <td>2.54</td>\n",
       "      <td>4.33</td>\n",
       "      <td>0.29</td>\n",
       "      <td>49.12</td>\n",
       "      <td>25.26</td>\n",
       "      <td>18.49</td>\n",
       "      <td>2.46</td>\n",
       "      <td>1.07</td>\n",
       "    </tr>\n",
       "    <tr>\n",
       "      <th>14</th>\n",
       "      <td>98.48</td>\n",
       "      <td>0.00</td>\n",
       "      <td>1.08</td>\n",
       "      <td>0.44</td>\n",
       "      <td>28.60</td>\n",
       "      <td>17.67</td>\n",
       "      <td>24.37</td>\n",
       "      <td>3.37</td>\n",
       "      <td>5.56</td>\n",
       "    </tr>\n",
       "    <tr>\n",
       "      <th>13</th>\n",
       "      <td>96.35</td>\n",
       "      <td>3.13</td>\n",
       "      <td>0.26</td>\n",
       "      <td>0.00</td>\n",
       "      <td>44.76</td>\n",
       "      <td>36.54</td>\n",
       "      <td>36.20</td>\n",
       "      <td>0.67</td>\n",
       "      <td>0.70</td>\n",
       "    </tr>\n",
       "    <tr>\n",
       "      <th>12</th>\n",
       "      <td>98.10</td>\n",
       "      <td>1.71</td>\n",
       "      <td>0.00</td>\n",
       "      <td>0.00</td>\n",
       "      <td>54.22</td>\n",
       "      <td>5.79</td>\n",
       "      <td>32.04</td>\n",
       "      <td>1.33</td>\n",
       "      <td>0.63</td>\n",
       "    </tr>\n",
       "    <tr>\n",
       "      <th>11</th>\n",
       "      <td>72.05</td>\n",
       "      <td>26.49</td>\n",
       "      <td>1.46</td>\n",
       "      <td>0.00</td>\n",
       "      <td>49.04</td>\n",
       "      <td>5.19</td>\n",
       "      <td>39.28</td>\n",
       "      <td>0.05</td>\n",
       "      <td>0.74</td>\n",
       "    </tr>\n",
       "    <tr>\n",
       "      <th>10</th>\n",
       "      <td>90.50</td>\n",
       "      <td>6.72</td>\n",
       "      <td>2.78</td>\n",
       "      <td>0.00</td>\n",
       "      <td>35.18</td>\n",
       "      <td>1.58</td>\n",
       "      <td>30.11</td>\n",
       "      <td>0.51</td>\n",
       "      <td>0.59</td>\n",
       "    </tr>\n",
       "    <tr>\n",
       "      <th>9</th>\n",
       "      <td>94.14</td>\n",
       "      <td>5.86</td>\n",
       "      <td>0.00</td>\n",
       "      <td>0.00</td>\n",
       "      <td>48.66</td>\n",
       "      <td>8.41</td>\n",
       "      <td>38.42</td>\n",
       "      <td>0.51</td>\n",
       "      <td>0.67</td>\n",
       "    </tr>\n",
       "    <tr>\n",
       "      <th>8</th>\n",
       "      <td>84.50</td>\n",
       "      <td>14.46</td>\n",
       "      <td>1.04</td>\n",
       "      <td>0.00</td>\n",
       "      <td>46.94</td>\n",
       "      <td>14.59</td>\n",
       "      <td>37.35</td>\n",
       "      <td>2.20</td>\n",
       "      <td>0.89</td>\n",
       "    </tr>\n",
       "    <tr>\n",
       "      <th>7</th>\n",
       "      <td>99.21</td>\n",
       "      <td>0.63</td>\n",
       "      <td>0.16</td>\n",
       "      <td>0.00</td>\n",
       "      <td>86.62</td>\n",
       "      <td>8.87</td>\n",
       "      <td>31.75</td>\n",
       "      <td>2.82</td>\n",
       "      <td>0.96</td>\n",
       "    </tr>\n",
       "    <tr>\n",
       "      <th>6</th>\n",
       "      <td>75.69</td>\n",
       "      <td>24.06</td>\n",
       "      <td>0.00</td>\n",
       "      <td>2.50</td>\n",
       "      <td>47.40</td>\n",
       "      <td>3.76</td>\n",
       "      <td>40.00</td>\n",
       "      <td>0.97</td>\n",
       "      <td>1.15</td>\n",
       "    </tr>\n",
       "    <tr>\n",
       "      <th>5</th>\n",
       "      <td>87.75</td>\n",
       "      <td>10.26</td>\n",
       "      <td>1.23</td>\n",
       "      <td>0.76</td>\n",
       "      <td>36.22</td>\n",
       "      <td>24.29</td>\n",
       "      <td>29.25</td>\n",
       "      <td>3.23</td>\n",
       "      <td>1.15</td>\n",
       "    </tr>\n",
       "    <tr>\n",
       "      <th>4</th>\n",
       "      <td>85.56</td>\n",
       "      <td>13.03</td>\n",
       "      <td>0.94</td>\n",
       "      <td>0.47</td>\n",
       "      <td>45.04</td>\n",
       "      <td>7.44</td>\n",
       "      <td>36.06</td>\n",
       "      <td>3.43</td>\n",
       "      <td>0.65</td>\n",
       "    </tr>\n",
       "    <tr>\n",
       "      <th>3</th>\n",
       "      <td>96.79</td>\n",
       "      <td>3.07</td>\n",
       "      <td>0.17</td>\n",
       "      <td>0.00</td>\n",
       "      <td>47.86</td>\n",
       "      <td>7.82</td>\n",
       "      <td>36.77</td>\n",
       "      <td>1.38</td>\n",
       "      <td>0.63</td>\n",
       "    </tr>\n",
       "    <tr>\n",
       "      <th>2</th>\n",
       "      <td>92.52</td>\n",
       "      <td>7.32</td>\n",
       "      <td>0.00</td>\n",
       "      <td>0.16</td>\n",
       "      <td>47.52</td>\n",
       "      <td>3.68</td>\n",
       "      <td>37.70</td>\n",
       "      <td>1.95</td>\n",
       "      <td>0.59</td>\n",
       "    </tr>\n",
       "    <tr>\n",
       "      <th>1</th>\n",
       "      <td>86.76</td>\n",
       "      <td>12.25</td>\n",
       "      <td>0.00</td>\n",
       "      <td>0.40</td>\n",
       "      <td>46.20</td>\n",
       "      <td>5.26</td>\n",
       "      <td>34.55</td>\n",
       "      <td>3.58</td>\n",
       "      <td>1.30</td>\n",
       "    </tr>\n",
       "  </tbody>\n",
       "</table>\n",
       "</div>"
      ],
      "text/plain": [
       "     有机含量   黏土矿物  FeS2   碳酸盐   SiO2  Fe2O3  Al2O3   CaO   MgO\n",
       "编号                                                           \n",
       "24  86.35   4.99  8.12  0.00  33.48  40.15  13.98  4.30  0.63\n",
       "23  73.03  24.09  2.88  0.00  47.02   8.72  39.42  0.10  0.78\n",
       "22  60.71  29.28  3.58  0.00  61.84   5.19  27.53  0.01  0.85\n",
       "21  78.47  20.60  0.75  0.00  46.96   4.36  38.42  1.28  1.19\n",
       "20  69.79  24.13  5.04  0.00  47.56  10.56  37.99  0.10  1.04\n",
       "19  90.89   3.04  0.23  1.17  62.48   5.11  25.73  0.72  0.70\n",
       "18  91.51   7.88  0.61  0.00  46.06   8.42  38.71  0.82  0.74\n",
       "17  94.54   0.76  2.05  0.31  35.64  34.81  11.18  6.50  0.78\n",
       "16  79.75  19.63  0.00  0.00  53.98   8.27  24.66  4.25  2.37\n",
       "15  88.51   2.54  4.33  0.29  49.12  25.26  18.49  2.46  1.07\n",
       "14  98.48   0.00  1.08  0.44  28.60  17.67  24.37  3.37  5.56\n",
       "13  96.35   3.13  0.26  0.00  44.76  36.54  36.20  0.67  0.70\n",
       "12  98.10   1.71  0.00  0.00  54.22   5.79  32.04  1.33  0.63\n",
       "11  72.05  26.49  1.46  0.00  49.04   5.19  39.28  0.05  0.74\n",
       "10  90.50   6.72  2.78  0.00  35.18   1.58  30.11  0.51  0.59\n",
       "9   94.14   5.86  0.00  0.00  48.66   8.41  38.42  0.51  0.67\n",
       "8   84.50  14.46  1.04  0.00  46.94  14.59  37.35  2.20  0.89\n",
       "7   99.21   0.63  0.16  0.00  86.62   8.87  31.75  2.82  0.96\n",
       "6   75.69  24.06  0.00  2.50  47.40   3.76  40.00  0.97  1.15\n",
       "5   87.75  10.26  1.23  0.76  36.22  24.29  29.25  3.23  1.15\n",
       "4   85.56  13.03  0.94  0.47  45.04   7.44  36.06  3.43  0.65\n",
       "3   96.79   3.07  0.17  0.00  47.86   7.82  36.77  1.38  0.63\n",
       "2   92.52   7.32  0.00  0.16  47.52   3.68  37.70  1.95  0.59\n",
       "1   86.76  12.25  0.00  0.40  46.20   5.26  34.55  3.58  1.30"
      ]
     },
     "execution_count": 5,
     "metadata": {},
     "output_type": "execute_result"
    }
   ],
   "source": [
    "df.sort_index(ascending= False)"
   ]
  },
  {
   "cell_type": "code",
   "execution_count": 6,
   "metadata": {},
   "outputs": [
    {
     "data": {
      "text/html": [
       "<div>\n",
       "<style scoped>\n",
       "    .dataframe tbody tr th:only-of-type {\n",
       "        vertical-align: middle;\n",
       "    }\n",
       "\n",
       "    .dataframe tbody tr th {\n",
       "        vertical-align: top;\n",
       "    }\n",
       "\n",
       "    .dataframe thead th {\n",
       "        text-align: right;\n",
       "    }\n",
       "</style>\n",
       "<table border=\"1\" class=\"dataframe\">\n",
       "  <thead>\n",
       "    <tr style=\"text-align: right;\">\n",
       "      <th></th>\n",
       "      <th>有机含量</th>\n",
       "      <th>黏土矿物</th>\n",
       "      <th>FeS2</th>\n",
       "      <th>碳酸盐</th>\n",
       "      <th>SiO2</th>\n",
       "      <th>Fe2O3</th>\n",
       "      <th>Al2O3</th>\n",
       "      <th>CaO</th>\n",
       "      <th>MgO</th>\n",
       "    </tr>\n",
       "    <tr>\n",
       "      <th>编号</th>\n",
       "      <th></th>\n",
       "      <th></th>\n",
       "      <th></th>\n",
       "      <th></th>\n",
       "      <th></th>\n",
       "      <th></th>\n",
       "      <th></th>\n",
       "      <th></th>\n",
       "      <th></th>\n",
       "    </tr>\n",
       "  </thead>\n",
       "  <tbody>\n",
       "    <tr>\n",
       "      <th>7</th>\n",
       "      <td>99.21</td>\n",
       "      <td>0.63</td>\n",
       "      <td>0.16</td>\n",
       "      <td>0.00</td>\n",
       "      <td>86.62</td>\n",
       "      <td>8.87</td>\n",
       "      <td>31.75</td>\n",
       "      <td>2.82</td>\n",
       "      <td>0.96</td>\n",
       "    </tr>\n",
       "    <tr>\n",
       "      <th>14</th>\n",
       "      <td>98.48</td>\n",
       "      <td>0.00</td>\n",
       "      <td>1.08</td>\n",
       "      <td>0.44</td>\n",
       "      <td>28.60</td>\n",
       "      <td>17.67</td>\n",
       "      <td>24.37</td>\n",
       "      <td>3.37</td>\n",
       "      <td>5.56</td>\n",
       "    </tr>\n",
       "    <tr>\n",
       "      <th>12</th>\n",
       "      <td>98.10</td>\n",
       "      <td>1.71</td>\n",
       "      <td>0.00</td>\n",
       "      <td>0.00</td>\n",
       "      <td>54.22</td>\n",
       "      <td>5.79</td>\n",
       "      <td>32.04</td>\n",
       "      <td>1.33</td>\n",
       "      <td>0.63</td>\n",
       "    </tr>\n",
       "    <tr>\n",
       "      <th>3</th>\n",
       "      <td>96.79</td>\n",
       "      <td>3.07</td>\n",
       "      <td>0.17</td>\n",
       "      <td>0.00</td>\n",
       "      <td>47.86</td>\n",
       "      <td>7.82</td>\n",
       "      <td>36.77</td>\n",
       "      <td>1.38</td>\n",
       "      <td>0.63</td>\n",
       "    </tr>\n",
       "    <tr>\n",
       "      <th>13</th>\n",
       "      <td>96.35</td>\n",
       "      <td>3.13</td>\n",
       "      <td>0.26</td>\n",
       "      <td>0.00</td>\n",
       "      <td>44.76</td>\n",
       "      <td>36.54</td>\n",
       "      <td>36.20</td>\n",
       "      <td>0.67</td>\n",
       "      <td>0.70</td>\n",
       "    </tr>\n",
       "    <tr>\n",
       "      <th>17</th>\n",
       "      <td>94.54</td>\n",
       "      <td>0.76</td>\n",
       "      <td>2.05</td>\n",
       "      <td>0.31</td>\n",
       "      <td>35.64</td>\n",
       "      <td>34.81</td>\n",
       "      <td>11.18</td>\n",
       "      <td>6.50</td>\n",
       "      <td>0.78</td>\n",
       "    </tr>\n",
       "    <tr>\n",
       "      <th>9</th>\n",
       "      <td>94.14</td>\n",
       "      <td>5.86</td>\n",
       "      <td>0.00</td>\n",
       "      <td>0.00</td>\n",
       "      <td>48.66</td>\n",
       "      <td>8.41</td>\n",
       "      <td>38.42</td>\n",
       "      <td>0.51</td>\n",
       "      <td>0.67</td>\n",
       "    </tr>\n",
       "    <tr>\n",
       "      <th>2</th>\n",
       "      <td>92.52</td>\n",
       "      <td>7.32</td>\n",
       "      <td>0.00</td>\n",
       "      <td>0.16</td>\n",
       "      <td>47.52</td>\n",
       "      <td>3.68</td>\n",
       "      <td>37.70</td>\n",
       "      <td>1.95</td>\n",
       "      <td>0.59</td>\n",
       "    </tr>\n",
       "    <tr>\n",
       "      <th>18</th>\n",
       "      <td>91.51</td>\n",
       "      <td>7.88</td>\n",
       "      <td>0.61</td>\n",
       "      <td>0.00</td>\n",
       "      <td>46.06</td>\n",
       "      <td>8.42</td>\n",
       "      <td>38.71</td>\n",
       "      <td>0.82</td>\n",
       "      <td>0.74</td>\n",
       "    </tr>\n",
       "    <tr>\n",
       "      <th>19</th>\n",
       "      <td>90.89</td>\n",
       "      <td>3.04</td>\n",
       "      <td>0.23</td>\n",
       "      <td>1.17</td>\n",
       "      <td>62.48</td>\n",
       "      <td>5.11</td>\n",
       "      <td>25.73</td>\n",
       "      <td>0.72</td>\n",
       "      <td>0.70</td>\n",
       "    </tr>\n",
       "    <tr>\n",
       "      <th>10</th>\n",
       "      <td>90.50</td>\n",
       "      <td>6.72</td>\n",
       "      <td>2.78</td>\n",
       "      <td>0.00</td>\n",
       "      <td>35.18</td>\n",
       "      <td>1.58</td>\n",
       "      <td>30.11</td>\n",
       "      <td>0.51</td>\n",
       "      <td>0.59</td>\n",
       "    </tr>\n",
       "    <tr>\n",
       "      <th>15</th>\n",
       "      <td>88.51</td>\n",
       "      <td>2.54</td>\n",
       "      <td>4.33</td>\n",
       "      <td>0.29</td>\n",
       "      <td>49.12</td>\n",
       "      <td>25.26</td>\n",
       "      <td>18.49</td>\n",
       "      <td>2.46</td>\n",
       "      <td>1.07</td>\n",
       "    </tr>\n",
       "    <tr>\n",
       "      <th>5</th>\n",
       "      <td>87.75</td>\n",
       "      <td>10.26</td>\n",
       "      <td>1.23</td>\n",
       "      <td>0.76</td>\n",
       "      <td>36.22</td>\n",
       "      <td>24.29</td>\n",
       "      <td>29.25</td>\n",
       "      <td>3.23</td>\n",
       "      <td>1.15</td>\n",
       "    </tr>\n",
       "    <tr>\n",
       "      <th>1</th>\n",
       "      <td>86.76</td>\n",
       "      <td>12.25</td>\n",
       "      <td>0.00</td>\n",
       "      <td>0.40</td>\n",
       "      <td>46.20</td>\n",
       "      <td>5.26</td>\n",
       "      <td>34.55</td>\n",
       "      <td>3.58</td>\n",
       "      <td>1.30</td>\n",
       "    </tr>\n",
       "    <tr>\n",
       "      <th>24</th>\n",
       "      <td>86.35</td>\n",
       "      <td>4.99</td>\n",
       "      <td>8.12</td>\n",
       "      <td>0.00</td>\n",
       "      <td>33.48</td>\n",
       "      <td>40.15</td>\n",
       "      <td>13.98</td>\n",
       "      <td>4.30</td>\n",
       "      <td>0.63</td>\n",
       "    </tr>\n",
       "    <tr>\n",
       "      <th>4</th>\n",
       "      <td>85.56</td>\n",
       "      <td>13.03</td>\n",
       "      <td>0.94</td>\n",
       "      <td>0.47</td>\n",
       "      <td>45.04</td>\n",
       "      <td>7.44</td>\n",
       "      <td>36.06</td>\n",
       "      <td>3.43</td>\n",
       "      <td>0.65</td>\n",
       "    </tr>\n",
       "    <tr>\n",
       "      <th>8</th>\n",
       "      <td>84.50</td>\n",
       "      <td>14.46</td>\n",
       "      <td>1.04</td>\n",
       "      <td>0.00</td>\n",
       "      <td>46.94</td>\n",
       "      <td>14.59</td>\n",
       "      <td>37.35</td>\n",
       "      <td>2.20</td>\n",
       "      <td>0.89</td>\n",
       "    </tr>\n",
       "    <tr>\n",
       "      <th>16</th>\n",
       "      <td>79.75</td>\n",
       "      <td>19.63</td>\n",
       "      <td>0.00</td>\n",
       "      <td>0.00</td>\n",
       "      <td>53.98</td>\n",
       "      <td>8.27</td>\n",
       "      <td>24.66</td>\n",
       "      <td>4.25</td>\n",
       "      <td>2.37</td>\n",
       "    </tr>\n",
       "    <tr>\n",
       "      <th>21</th>\n",
       "      <td>78.47</td>\n",
       "      <td>20.60</td>\n",
       "      <td>0.75</td>\n",
       "      <td>0.00</td>\n",
       "      <td>46.96</td>\n",
       "      <td>4.36</td>\n",
       "      <td>38.42</td>\n",
       "      <td>1.28</td>\n",
       "      <td>1.19</td>\n",
       "    </tr>\n",
       "    <tr>\n",
       "      <th>6</th>\n",
       "      <td>75.69</td>\n",
       "      <td>24.06</td>\n",
       "      <td>0.00</td>\n",
       "      <td>2.50</td>\n",
       "      <td>47.40</td>\n",
       "      <td>3.76</td>\n",
       "      <td>40.00</td>\n",
       "      <td>0.97</td>\n",
       "      <td>1.15</td>\n",
       "    </tr>\n",
       "    <tr>\n",
       "      <th>23</th>\n",
       "      <td>73.03</td>\n",
       "      <td>24.09</td>\n",
       "      <td>2.88</td>\n",
       "      <td>0.00</td>\n",
       "      <td>47.02</td>\n",
       "      <td>8.72</td>\n",
       "      <td>39.42</td>\n",
       "      <td>0.10</td>\n",
       "      <td>0.78</td>\n",
       "    </tr>\n",
       "    <tr>\n",
       "      <th>11</th>\n",
       "      <td>72.05</td>\n",
       "      <td>26.49</td>\n",
       "      <td>1.46</td>\n",
       "      <td>0.00</td>\n",
       "      <td>49.04</td>\n",
       "      <td>5.19</td>\n",
       "      <td>39.28</td>\n",
       "      <td>0.05</td>\n",
       "      <td>0.74</td>\n",
       "    </tr>\n",
       "    <tr>\n",
       "      <th>20</th>\n",
       "      <td>69.79</td>\n",
       "      <td>24.13</td>\n",
       "      <td>5.04</td>\n",
       "      <td>0.00</td>\n",
       "      <td>47.56</td>\n",
       "      <td>10.56</td>\n",
       "      <td>37.99</td>\n",
       "      <td>0.10</td>\n",
       "      <td>1.04</td>\n",
       "    </tr>\n",
       "    <tr>\n",
       "      <th>22</th>\n",
       "      <td>60.71</td>\n",
       "      <td>29.28</td>\n",
       "      <td>3.58</td>\n",
       "      <td>0.00</td>\n",
       "      <td>61.84</td>\n",
       "      <td>5.19</td>\n",
       "      <td>27.53</td>\n",
       "      <td>0.01</td>\n",
       "      <td>0.85</td>\n",
       "    </tr>\n",
       "  </tbody>\n",
       "</table>\n",
       "</div>"
      ],
      "text/plain": [
       "     有机含量   黏土矿物  FeS2   碳酸盐   SiO2  Fe2O3  Al2O3   CaO   MgO\n",
       "编号                                                           \n",
       "7   99.21   0.63  0.16  0.00  86.62   8.87  31.75  2.82  0.96\n",
       "14  98.48   0.00  1.08  0.44  28.60  17.67  24.37  3.37  5.56\n",
       "12  98.10   1.71  0.00  0.00  54.22   5.79  32.04  1.33  0.63\n",
       "3   96.79   3.07  0.17  0.00  47.86   7.82  36.77  1.38  0.63\n",
       "13  96.35   3.13  0.26  0.00  44.76  36.54  36.20  0.67  0.70\n",
       "17  94.54   0.76  2.05  0.31  35.64  34.81  11.18  6.50  0.78\n",
       "9   94.14   5.86  0.00  0.00  48.66   8.41  38.42  0.51  0.67\n",
       "2   92.52   7.32  0.00  0.16  47.52   3.68  37.70  1.95  0.59\n",
       "18  91.51   7.88  0.61  0.00  46.06   8.42  38.71  0.82  0.74\n",
       "19  90.89   3.04  0.23  1.17  62.48   5.11  25.73  0.72  0.70\n",
       "10  90.50   6.72  2.78  0.00  35.18   1.58  30.11  0.51  0.59\n",
